8.8429e-01
8.7257e-01
9.2727e-01
8.7424e-01
9.4391e-01
5.7697e-01
5.7278e-01
9.5186e-01
9.3211e-01
8.6640e-01
9.4104e-01
9.7207e-01
5.3871e-01
6.6148e-01
9.0716e-01
9.2571e-01
8.7214e-01
5.1140e-01
5.2525e-01
7.7159e-01
6.0772e-01
9.0106e-01
9.2258e-01
9.3497e-01
6.2285e-01
8.4734e-01
9.3477e-01
9.5186e-01
6.4677e-01
5.7035e-01
7.2666e-01
8.8618e-01
8.9977e-01
9.1819e-01
8.3442e-01
5.3056e-01
9.1482e-01
5.3987e-01
9.4113e-01
8.8157e-01
9.1487e-01
9.6303e-01
9.0632e-01
6.0986e-01
9.1393e-01
4.7049e-01
9.4729e-01
9.0659e-01
5.4536e-01
9.1350e-01
8.8608e-01
8.4956e-01
9.1953e-01
5.3834e-01
9.1482e-01
6.4677e-01
8.9230e-01
8.9977e-01
9.1547e-01
8.6640e-01
9.0174e-01
8.7804e-01
9.4844e-01
9.4844e-01
8.7326e-01
8.9208e-01
9.1558e-01
8.5508e-01
9.5601e-01
9.0659e-01
8.7804e-01
9.2261e-01
8.9042e-01
4.7585e-01
9.1225e-01
8.4554e-01
9.2446e-01
9.3211e-01
4.7585e-01
9.4191e-01
8.8854e-01
9.1374e-01
3.9878e-01
9.2258e-01
9.6568e-01
9.2808e-01
9.1374e-01
5.5945e-01
7.6865e-01
9.2727e-01
5.5945e-01
4.7718e-01
9.3735e-01
5.0898e-01
9.0776e-01
8.6800e-01
3.3481e-01
9.1657e-01
5.4670e-01
9.0278e-01
4.7869e-01
5.9486e-01
9.1926e-01
8.0521e-01
9.1828e-01
8.8608e-01
9.1305e-01
4.7671e-01
5.4670e-01
9.5601e-01
5.7871e-01
8.5269e-01
9.0492e-01
9.2906e-01
8.7875e-01
5.4577e-01
9.3924e-01
9.0041e-01
8.6794e-01
6.4355e-01
6.4139e-01
5.1140e-01
6.9789e-01
9.3136e-01
8.8157e-01
9.3592e-01
9.0278e-01
6.2263e-01
9.0640e-01
8.8618e-01
8.7214e-01
9.2243e-01
9.4191e-01
8.5403e-01
9.6086e-01
9.6347e-01
9.6568e-01
9.2571e-01
6.1340e-01
2.6031e-01
8.3957e-01
6.9053e-01
9.1603e-01
9.1485e-01
9.2123e-01
9.1305e-01
9.0492e-01
9.1061e-01
9.3417e-01
9.0041e-01
4.7869e-01
8.6794e-01
9.2243e-01
5.7264e-01
8.3442e-01
9.2878e-01
6.1166e-01
9.0695e-01
5.7716e-01
5.0890e-01
9.4334e-01
8.7645e-01
9.6086e-01
5.3868e-01
5.5581e-01
8.5340e-01
5.2997e-01
5.4985e-01
5.7035e-01
9.0981e-01
9.1716e-01
5.8557e-01
4.6925e-01
9.1061e-01
9.4862e-01
6.4247e-01
5.7871e-01
9.0557e-01
8.7139e-01
8.0521e-01
7.2666e-01
9.3924e-01
8.9233e-01
7.7159e-01
4.5070e-01
6.2263e-01
9.1558e-01
5.5581e-01
6.0986e-01
4.0472e-01
5.5482e-01
6.1340e-01
7.9669e-01
9.7207e-01
6.3427e-01
9.4191e-01
4.7671e-01
5.0898e-01
9.6347e-01
8.9677e-01
9.1828e-01
9.4544e-01
1.3277e-01
6.4139e-01
9.1505e-01
9.4391e-01
8.9230e-01
8.6800e-01
8.9289e-01
6.1534e-01
9.1863e-01
5.8557e-01
8.9292e-01
4.0472e-01
8.8869e-01
6.4247e-01
5.7278e-01
9.1603e-01
6.9789e-01
9.1953e-01
9.2643e-01
8.5403e-01
9.1953e-01
9.5159e-01
5.3871e-01
9.1863e-01
9.0776e-01
9.0799e-01
9.4729e-01
9.1616e-01
8.4030e-01
9.3718e-01
8.4030e-01
9.2543e-01
9.0106e-01
5.3987e-01
9.3136e-01
8.0662e-01
5.7697e-01
9.0174e-01
9.4251e-01
4.3387e-01
9.1819e-01
9.1828e-01
9.0078e-01
9.4104e-01
5.7716e-01
9.2261e-01
8.5508e-01
9.1547e-01
8.0662e-01
9.3378e-01
6.7053e-01
9.1926e-01
9.4679e-01
9.4203e-01
6.2285e-01
6.8003e-01
8.9274e-01
3.9878e-01
9.1953e-01
8.4956e-01
6.9053e-01
8.2874e-01
9.1393e-01
5.7264e-01
9.0716e-01
6.5335e-01
5.3109e-01
9.6460e-01
8.7678e-01
9.1616e-01
9.2123e-01
8.7678e-01
1.3277e-01
6.6148e-01
5.3834e-01
5.8224e-01
9.1505e-01
8.1963e-01
8.8854e-01
8.9289e-01
9.1716e-01
6.5335e-01
3.3481e-01
9.1485e-01
2.6031e-01
9.1225e-01
8.7424e-01
5.5482e-01
8.5269e-01
9.0753e-01
6.1534e-01
6.8003e-01
9.5159e-01
8.1963e-01
8.2874e-01
9.6460e-01
5.8290e-01
5.8224e-01
6.0772e-01
6.3427e-01
9.2995e-01
8.8869e-01
5.4577e-01
9.3417e-01
8.5340e-01
5.9486e-01
6.1166e-01
9.2878e-01
9.4334e-01
8.8429e-01
9.2643e-01
6.9585e-01
8.4734e-01
4.7718e-01
8.7326e-01
8.3957e-01
9.0640e-01
9.6303e-01
5.4985e-01
5.4536e-01
9.1657e-01
8.9274e-01
9.4841e-01
6.7053e-01
9.4113e-01
9.1012e-01
9.1828e-01
9.1953e-01
9.1953e-01
9.0557e-01
5.3109e-01
