8.7215e-01
7.7369e-01
8.1664e-01
7.6951e-01
9.2582e-01
5.4622e-01
8.9330e-01
8.0812e-01
7.7569e-01
8.8675e-01
9.2146e-01
6.7609e-01
6.2785e-01
6.5443e-01
5.5965e-01
6.2515e-01
7.3654e-01
6.3595e-01
7.6086e-01
8.2734e-01
6.2223e-01
9.3841e-01
6.4913e-01
9.4219e-01
7.4189e-01
8.9803e-01
9.4081e-01
8.0812e-01
7.8406e-01
5.7355e-01
2.5886e-01
7.0354e-01
9.0389e-01
7.7393e-01
7.3818e-01
9.4696e-01
8.5464e-01
6.0298e-01
9.1020e-01
6.8148e-01
8.9603e-01
8.8508e-01
9.3871e-01
7.3954e-01
7.6825e-01
9.5618e-01
9.4439e-01
7.2857e-01
8.8543e-01
6.9025e-01
9.3133e-01
8.4428e-01
9.5327e-01
7.8328e-01
8.5464e-01
7.8406e-01
6.3228e-01
9.0389e-01
5.7543e-01
8.8675e-01
8.6570e-01
7.4819e-01
7.0396e-01
7.0396e-01
7.6034e-01
8.5900e-01
7.3549e-01
5.8067e-01
9.1251e-01
7.2857e-01
7.4819e-01
9.2158e-01
9.3945e-01
5.9201e-01
9.1617e-01
7.6516e-01
9.3910e-01
7.7569e-01
5.9201e-01
9.5189e-01
8.0319e-01
6.3144e-01
7.5479e-01
6.4913e-01
7.6889e-01
8.7112e-01
6.3144e-01
8.1545e-01
9.3211e-01
8.1664e-01
8.1545e-01
9.2196e-01
9.1689e-01
7.3127e-01
9.4631e-01
8.0299e-01
4.7448e-01
9.5322e-01
7.9548e-01
9.1303e-01
6.5960e-01
7.6688e-01
8.8134e-01
7.9453e-01
7.0481e-01
9.3133e-01
8.7352e-01
8.0879e-01
7.9548e-01
9.1251e-01
7.0968e-01
8.5516e-01
7.9009e-01
9.3711e-01
6.4043e-01
6.4001e-01
7.9249e-01
9.1334e-01
7.9820e-01
8.9479e-01
7.7274e-01
6.3595e-01
8.8049e-01
9.5595e-01
6.8148e-01
8.7654e-01
9.1303e-01
6.3418e-01
8.3732e-01
7.0354e-01
7.3654e-01
8.1374e-01
9.2256e-01
6.2743e-01
9.5002e-01
9.5685e-01
7.6889e-01
6.2515e-01
9.0593e-01
3.5940e-01
5.3859e-01
6.0803e-01
6.5200e-01
7.4213e-01
8.7568e-01
8.7352e-01
7.9009e-01
6.0052e-01
7.7346e-01
9.1334e-01
6.5960e-01
7.9820e-01
8.1374e-01
8.0946e-01
7.3818e-01
9.3898e-01
7.9625e-01
7.0958e-01
2.1867e-01
7.0738e-01
9.5632e-01
9.5428e-01
9.5002e-01
6.1660e-01
6.3341e-01
6.5714e-01
6.2265e-01
7.6748e-01
5.7355e-01
7.8049e-01
6.0290e-01
4.2029e-01
3.3967e-01
6.0052e-01
7.5380e-01
8.3029e-01
7.0968e-01
9.3221e-01
7.8418e-01
7.9453e-01
2.5886e-01
7.9249e-01
9.5232e-01
8.2734e-01
9.1834e-01
6.3418e-01
7.3549e-01
6.3341e-01
7.3954e-01
7.3463e-01
5.0312e-01
9.0593e-01
9.3970e-01
6.7609e-01
5.6920e-01
9.2256e-01
8.0879e-01
7.3127e-01
9.5685e-01
7.6858e-01
7.0481e-01
2.5161e-01
3.7825e-01
7.7274e-01
9.3271e-01
9.2582e-01
6.3228e-01
8.0299e-01
9.1917e-01
5.2752e-01
8.0721e-01
4.2029e-01
9.1150e-01
7.3463e-01
7.6615e-01
8.3029e-01
8.9330e-01
6.5200e-01
8.8049e-01
8.8597e-01
9.2081e-01
6.2743e-01
9.5327e-01
9.2806e-01
6.2785e-01
8.0721e-01
9.4631e-01
8.3093e-01
9.4439e-01
7.3732e-01
7.2989e-01
8.5251e-01
7.2989e-01
7.1288e-01
9.3841e-01
6.0298e-01
9.5595e-01
7.4591e-01
5.4622e-01
8.6570e-01
8.7027e-01
5.6355e-01
7.7393e-01
8.7071e-01
9.5289e-01
9.2146e-01
2.1867e-01
9.2158e-01
5.8067e-01
5.7543e-01
7.4591e-01
9.3906e-01
8.2314e-01
8.8134e-01
4.1521e-01
8.3427e-01
7.4189e-01
8.6223e-01
7.3649e-01
7.5479e-01
8.8597e-01
8.4428e-01
6.0803e-01
5.5462e-01
7.6825e-01
8.0946e-01
5.5965e-01
6.7313e-01
9.4611e-01
9.5385e-01
7.2107e-01
7.3732e-01
8.7568e-01
7.2107e-01
3.7825e-01
6.5443e-01
7.8328e-01
6.5073e-01
9.3271e-01
9.2225e-01
8.0319e-01
9.1917e-01
6.0290e-01
6.7313e-01
4.7448e-01
7.4213e-01
3.5940e-01
9.1617e-01
7.6951e-01
5.0312e-01
8.5516e-01
9.5396e-01
5.2752e-01
8.6223e-01
9.2806e-01
9.2225e-01
5.5462e-01
9.5385e-01
8.5248e-01
6.5073e-01
6.2223e-01
5.6920e-01
9.2587e-01
7.6615e-01
6.4001e-01
7.7346e-01
6.5714e-01
7.6688e-01
7.9625e-01
9.3898e-01
9.5632e-01
8.7215e-01
9.2081e-01
8.5414e-01
8.9803e-01
9.2196e-01
7.6034e-01
5.3859e-01
8.3732e-01
8.8508e-01
7.6748e-01
8.8543e-01
9.5322e-01
7.3649e-01
9.3397e-01
8.2314e-01
9.1020e-01
7.9156e-01
8.7071e-01
7.7273e-01
7.7273e-01
9.3221e-01
9.4611e-01
