7.3214e-01
6.4495e-01
7.0734e-01
5.9559e-01
7.5861e-01
6.7750e-01
5.9905e-01
6.8947e-01
6.4080e-01
7.1267e-01
7.0829e-01
7.4546e-01
6.0623e-01
5.6753e-01
6.6967e-01
6.3715e-01
6.2188e-01
6.5478e-01
5.3192e-01
6.1352e-01
6.3473e-01
7.5752e-01
5.9585e-01
7.9310e-01
7.0415e-01
7.6632e-01
7.1373e-01
6.8947e-01
7.1647e-01
5.2216e-01
6.7696e-01
6.1888e-01
6.8616e-01
5.6740e-01
6.5967e-01
6.4825e-01
6.7831e-01
5.8565e-01
7.6542e-01
6.6752e-01
7.0293e-01
6.7646e-01
7.4451e-01
6.9950e-01
6.6785e-01
7.4514e-01
7.6689e-01
6.7375e-01
6.9797e-01
6.3445e-01
6.8096e-01
5.7596e-01
7.3601e-01
6.8075e-01
6.7831e-01
7.1647e-01
6.5680e-01
6.8616e-01
5.8430e-01
7.1267e-01
6.9316e-01
6.5873e-01
6.6879e-01
6.6879e-01
6.9846e-01
7.2224e-01
7.1762e-01
5.7892e-01
7.2660e-01
6.7375e-01
6.5873e-01
7.7058e-01
7.5945e-01
6.2728e-01
7.3777e-01
6.1266e-01
7.8435e-01
6.4080e-01
6.2728e-01
7.8507e-01
6.5099e-01
6.6293e-01
7.1526e-01
5.9585e-01
7.5973e-01
6.4997e-01
6.6293e-01
6.9041e-01
7.6905e-01
7.0734e-01
6.9041e-01
7.2533e-01
6.1009e-01
6.5567e-01
6.7104e-01
6.6226e-01
4.9529e-01
7.5752e-01
6.6531e-01
6.0766e-01
5.9987e-01
6.3868e-01
7.2962e-01
7.8380e-01
7.1022e-01
6.8096e-01
7.0785e-01
6.6374e-01
6.6531e-01
7.2660e-01
6.3909e-01
6.4237e-01
6.7663e-01
7.6490e-01
6.9975e-01
5.6078e-01
6.6335e-01
7.6095e-01
6.7436e-01
7.3129e-01
6.7040e-01
6.5478e-01
6.2137e-01
7.9875e-01
6.6752e-01
7.4928e-01
6.0766e-01
6.3945e-01
6.4174e-01
6.1888e-01
6.2188e-01
6.9892e-01
6.4685e-01
3.0309e-01
8.1392e-01
7.1859e-01
7.5973e-01
6.3715e-01
6.9356e-01
6.1791e-01
3.6105e-01
6.2985e-01
6.9689e-01
6.5587e-01
7.5230e-01
7.0785e-01
6.7663e-01
6.6540e-01
7.3065e-01
7.6095e-01
5.9987e-01
6.7436e-01
6.9892e-01
6.5651e-01
6.5967e-01
7.7883e-01
7.0654e-01
6.6386e-01
3.0810e-01
5.9479e-01
7.3034e-01
7.3908e-01
8.1392e-01
6.1921e-01
6.6965e-01
5.8881e-01
5.6342e-01
6.0187e-01
5.2216e-01
6.8598e-01
5.6997e-01
6.2316e-01
5.8110e-01
6.6540e-01
7.0527e-01
7.0596e-01
6.3909e-01
7.5962e-01
6.5006e-01
7.8380e-01
6.7696e-01
6.6335e-01
7.7325e-01
6.1352e-01
6.0285e-01
6.3945e-01
7.1762e-01
6.6965e-01
6.9950e-01
6.1848e-01
5.8944e-01
6.9356e-01
7.6498e-01
7.4546e-01
6.4412e-01
6.4685e-01
6.6374e-01
6.5567e-01
7.1859e-01
6.5615e-01
7.1022e-01
7.1266e-01
3.8665e-01
6.7040e-01
8.0643e-01
7.5861e-01
6.5680e-01
6.6226e-01
7.5744e-01
5.2908e-01
6.6892e-01
6.2316e-01
6.4640e-01
6.1848e-01
7.6016e-01
7.0596e-01
5.9905e-01
6.9689e-01
6.2137e-01
6.9360e-01
7.6825e-01
3.0309e-01
7.3601e-01
7.2332e-01
6.0623e-01
6.6892e-01
6.7104e-01
6.6202e-01
7.6689e-01
6.5466e-01
7.4073e-01
7.0271e-01
7.4073e-01
6.6343e-01
7.5752e-01
5.8565e-01
7.9875e-01
5.5086e-01
6.7750e-01
6.9316e-01
7.1999e-01
6.2779e-01
5.6740e-01
7.0463e-01
7.5164e-01
7.0829e-01
3.0810e-01
7.7058e-01
5.7892e-01
5.8430e-01
5.5086e-01
6.9507e-01
6.9946e-01
7.2962e-01
7.0605e-01
7.1698e-01
7.0415e-01
6.9668e-01
6.4623e-01
7.1526e-01
6.9360e-01
5.7596e-01
6.2985e-01
7.2741e-01
6.6785e-01
6.5651e-01
6.6967e-01
6.7997e-01
7.0815e-01
8.2956e-01
6.8329e-01
6.5466e-01
7.5230e-01
6.8329e-01
3.8665e-01
5.6753e-01
6.8075e-01
6.4381e-01
8.0643e-01
7.8045e-01
6.5099e-01
7.5744e-01
5.6997e-01
6.7997e-01
4.9529e-01
6.5587e-01
6.1791e-01
7.3777e-01
5.9559e-01
5.8944e-01
6.4237e-01
7.5668e-01
5.2908e-01
6.9668e-01
7.2332e-01
7.8045e-01
7.2741e-01
8.2956e-01
6.2952e-01
6.4381e-01
6.3473e-01
6.4412e-01
6.9303e-01
7.6016e-01
5.6078e-01
7.3065e-01
5.8881e-01
6.3868e-01
7.0654e-01
7.7883e-01
7.3034e-01
7.3214e-01
7.6825e-01
6.6785e-01
7.6632e-01
7.2533e-01
6.9846e-01
3.6105e-01
6.4174e-01
6.7646e-01
6.0187e-01
6.9797e-01
7.5752e-01
6.4623e-01
7.3379e-01
6.9946e-01
7.6542e-01
6.5175e-01
7.0463e-01
7.0939e-01
7.0939e-01
7.5962e-01
7.0815e-01
